image_width: 640
image_height: 480
camera_name: head_camera
camera_matrix:
  rows: 3
  cols: 3
  data: [528.761961, 0.000000, 320.720778,
0.000000, 528.814531, 253.714360,
0.000000, 0.000000, 1.000000]
distortion_model: plumb_bob
distortion_coefficients:
  rows: 1
  cols: 5
  data: [0.137207, -0.265805, -0.003122, -0.003723, 0.000000]
rectification_matrix:
  rows: 3
  cols: 3
  data: [1.000000, 0.000000, 0.000000,
0.000000,1.000000, 0.000000,
0.000000, 0.000000, 1.000000]
projection_matrix:
  rows: 3
  cols: 4
  data: [535.987610, 0.000000, 318.071501, 0.000000,
0.000000, 538.271606, 252.138789, 0.000000,
0.000000, 0.000000, 1.000000, 0.000000]



# [image]

# width
# 640

# height
# 480

# [narrow_stereo]

# camera matrix
# 473.013939 0.000000 360.348958
# 0.000000 468.858370 265.133062
# 0.000000 0.000000 1.000000

# distortion
# -0.027721 0.076373 -0.008975 0.020684 0.000000

# rectification
# 1.000000 0.000000 0.000000
# 0.000000 1.000000 0.000000
# 0.000000 0.000000 1.000000

# projection
# 483.308533 0.000000 371.814778 0.000000
# 0.000000 484.859985 260.335161 0.000000
# 0.000000 0.000000 1.000000 0.000000

# use this!!!!!!!!!!!
# ('D =', [0.1372066057817401, -0.2658046178606703, -0.0031221527438156102, -0.0037228484200553676, 0.0])
# ('K =', [528.7619606558924, 0.0, 320.72077768356723, 0.0, 528.8145305425204, 253.71436000687245, 0.0, 0.0, 1.0])
# ('R =', [1.0, 0.0, 0.0, 0.0, 1.0, 0.0, 0.0, 0.0, 1.0])
# ('P =', [535.9876098632812, 0.0, 318.0715013965346, 0.0, 0.0, 538.2716064453125, 252.13878946490513, 0.0, 0.0, 0.0, 1.0, 0.0])
# None
# # oST version 5.0 parameters


# [image]

# width
# 640

# height
# 480

# [narrow_stereo]

# camera matrix
# 528.761961 0.000000 320.720778
# 0.000000 528.814531 253.714360
# 0.000000 0.000000 1.000000

# distortion
# 0.137207 -0.265805 -0.003122 -0.003723 0.000000

# rectification
# 1.000000 0.000000 0.000000
# 0.000000 1.000000 0.000000
# 0.000000 0.000000 1.000000

# projection
# 535.987610 0.000000 318.071501 0.000000
# 0.000000 538.271606 252.138789 0.000000
# 0.000000 0.000000 1.000000 0.000000


# image_width: 640
# image_height: 480
# camera_name: head_camera
# camera_matrix:
#   rows: 3
#   cols: 3
#   data: [473.013939, 0.000000, 360.348958,
# 0.000000, 468.858370, 265.133062,
# 0.000000, 0.000000, 1.000000]
# distortion_model: plumb_bob
# distortion_coefficients:
#   rows: 1
#   cols: 5
#   data: [-0.027721, 0.076373, -0.008975, 0.020684, 0.000000]
# rectification_matrix:
#   rows: 3
#   cols: 3
#   data: [1.000000, 0.000000, 0.000000,
# 0.000000,1.000000, 0.000000,
# 0.000000, 0.000000, 1.000000]
# projection_matrix:
#   rows: 3
#   cols: 4
#   data: [483.308533, 0.000000, 371.814778,0.000000,
# 0.000000, 484.859985, 260.335161, 0.000000,
# 0.000000, 0.000000, 1.000000, 0.000000]

